$ANSIBLE_VAULT;1.1;AES256
64376435383430386535343232363864376337613630646531666538363836656633656562626462
3966396631366364633362623934306466643238323532390a363038643533613136363736643539
37626139663161663462616430383436636438386562376463623738653732386339623935656161
3534626237333363610a343234626662346338393362653863643031353630653639666134666462
62636538316333346132623038393231313935646165653934323036383932643233383736373432
62366130376664333034653737653163376662643133613334656532393863656434373838346232
66356532613566626639353361316434396664326631636630333333323938303832653437373961
39366136346436356237336361666534623137663930336264336232663066336365323431383934
34373964323537376238613861376561363265663031333938383137663435626564356237663835
66313336623161643663343333613766366134373361643964613730613634383262633234333637
32393562306433353761666136303032343638376633373936323535343733343165653835393737
65633534346530333765363363613162346363316636333862393733353738636337363337363532
36656262333735656462633532323232316531666231653634306661626466376431393139373133
35343261653435316361333835356330343931356561663134633564623536383562376366373930
62343964383063373635633133373737636666376434363539396630343537306366653131656331
33646437363663383262633266383532313835316234396366363464353335633432356338653364
65333036666336643264373235663637366537373137323232663731306131373234653532393063
65666330623634343235356235376438306166313437393834653865386334303265613366653164
34396163303934346536643035363662326663636639656533623633303961396438343830666238
36666333356563626437366233353965353735363836393433323138333737313265393563323132
61373564636230363832623931343064383039383436633266666637363435393132323034653930
64303637303539343333326539346161376365313361376333333964636130626161393137383861
37316234633636663930333032636235333765336632333538326662363366313839653533653237
32346130653638346561646536656133653063643232363862326437373239313839613638653235
61363738346230393161313362393837313239653230333331363832363364633463353437316637
37323934356265303436656162616664353339653632363339663539653365326332376362336365
36313030373862363665656664323463373233623837353064646433656130663639343061313366
62663236313436666135653933343935323163623934363161323832323262356563626234323662
65336535393462656233353131663132363137613235646336316138343033383033323930326562
64343031303530616461613863386132613165623865353935653965653763613364636135303734
64643033373737316634363437663130343135356664636361613263383164333935636437646563
30633734363362623364376537326266373465666335383136323134616237663639653638643635
31633862373833366434373530646635353664393833353938633339653031386233373436613862
64393564313139653739316566326531623931633338326263303264353434386336333338653638
64316162646564653831613764656538613038363435633564313966376236373564326564656162
64383131663063313933353030633932633137613464393431383339333030303065336630326239
64656435646232613032646165343034383833653933353432313938656136373532623632376263
66363563373439376434343834373238346566393236366163373032633135306566313731393030
31306662633462653639363935663163643032353138306431383338336161396335316231613435
34613261346464353632386163633663316330353234633230336632616131656436326137356530
63386334616465383232336531373638303139626637316162663933366331636263636439653337
64333133306237633363323464373261323962386133613539643634346538616335653461303537
30323338383238386562303562663732626261376538333636653933333931373063393036613862
65333436656633343634633931323232643861666462623238303561626532623138336535653564
37616366633436316266323061643339303030376437636535303230356635626232346133336363
63376431626666346561393432383737646539356437313739373433653233383665643134346235
33383436353238346463626233653262393430306565363539626132326431356532643731393564
63623335346435313436373532353766663832316561653639393139626434366265366536376430
39336661626539613033633432326639333265623165666138383866383131643738363838326132
39613338626438333137626235333035373735353536323139646666306265343135663366353633
35363630666638393965386464613937623337396636653863376134623638646436613337356131
35656138653530333966613237353034343737383033346338663963393665333238386231356438
36373636666632316365393765303130343131343632326361363765616565393965613633613631
64393038396432383061663936643362303337306465666631353934666463643239386265356532
61353766316130316432663031306633313932366431633834353162643131353165613031623736
61646437353438623731373135373266613933376434383161353739396164393233336332666466
64316636333165363564356265663264656139383762623531643664333937383131666166333031
65383736326434363766353435656636393536386263323732316339643835353866613339396162
30373334326636643763303065326561646262303364366234623937393137313162626432613733
32643135383161663564626464636662666439393531643936613831373932323765373337643266
66323037386339633132366433323461663362313133326565653031356666653730353033356239
61623934356464373365383831626563393438363237666261346163613135626438626235363932
36363564336135303337646265656463613734336261313730653136663861313030393365363761
39393364316336626663623661393534363433633564393838616130326534626335333634323334
37343861393938306334626236613132663038633137633864643061323030626164366466313437
35353561326230316631386561633432386234633263303233333666306630303231653035376233
65323636376335386536316332353865363763623862346261623463663636323861373830626533
39313533393732653338346266346165623134613737316230303537663963346264363030303035
66623336643736653664633133336333353766333830326433643039643465306630313131376439
34373362383062396630333564343535616530643031336338333964623932333336366435393236
65303266616532663461623736303532313632353232343661653466643737333435646365326637
38636134663464323361336336353832303430326633613265613964313833323865653831303963
37626263393265303934646363613163633733316361666431333335376636316263636434343963
39383939323539376164643431346330323866333864373131343830666365343236653661363539
62656135373731346661653663323438376539396530343236663564643465383639653838343862
65356566626333363635383864336563333136633364616430663036343633626438356662653733
31323064623537653031616539353134386263363263633137643161396666343233643831386630
35326265393266373231636337396636643865353438356537326266363036343762346238316139
64616333396138383334353962643161646261613263373232383630393834373461383437633665
35343230633137643737613735383665343063626232346461626532326437653962396265306166
30316633333035333732353132393932396261336164343037383961383334646666303138623139
66313937393231336131363531383433613937326530363664393637653064383131393835366563
62363732316537656366396130376134373037333461373632386663643035366438613335323164
36323930323763383166336338333631306464363236626561626163376362316339393831353465
64386662303139613038653734356534623962666233373965353230653264313163346530613335
66396338373565363439303061366664643761356261323338353562663636663962356532646266
36666532653262663939353261383639343138346462316134613738303363626132333661356262
32303134623237343863393933333263666166313236326433373835343831633634393261336130
37333230323265366136663539623038663036366134626366623566646130656232353061633039
30383961313165646162363564383230666465356663343265326631643931373834653432646230
36323833363337623666313730356536616366373036363762633966356238386362303739653331
39653665383136616131313962373537653632346466616562366663613262366534326435616464
35363862653631663837643935643163663361643736363339313965333339656332386432383438
34336563356236306239313432343439333933393136383638306335333437323432636433656635
65663564353536393437626138633365376137653039616131636433323232383961303231323438
37366538306439386431396539623434633938623834616432396636343839646236626563343338
62316162306466623136303331663766616663616135613666326564343865336261363030303964
62646233326430373534306332356137646665616138396566336161353664646337393365376234
64316661303835313863633734373432646533386533306436386662343631303735393238643561
33633433396336373066373061346231376462303262663636353237333033363438623735313336
34343263383535646532636635383364613931336233383766616363356364396465326261373832
31333862303831313461396261666437646337333562326438666131356461643361643530613765
61663238623236666238386563353666346461383561643364393532346536383264653333393762
36393832373932303961333163346237316635303463663130366432363332373637363230386137
36633738626338313133356432656134376461663361376564356338323835333735303538313564
64656566313866386339353134663633663639613063343434343165373930643837346664343164
63323731363739363736616133613461633332653637663463636638656563313830363663656639
33636237306466373566333663383630393038303163336632366130626630303662663730636562
32626636623939616137633733366665346361613730326564316361393637386161363836643533
64353061386438356561343637323031356366346333643535313637636263623264633862643336
37313435656530363536363439633731623039313933653233663062396433313564363435303363
39653561636232313135323236353633383931663738653264656439306564376235636335663937
39343432363864323731383832323235663832616164333163633764343133376563613534656231
61366165336633653533363866366262316138396338333364313835373130663638653566613532
38366463343730393638353333316565643133633537323433316562636431643466306261313831
37306265656232623566363139323338376437653432613662383535666233363363343834373063
38356538396430323065343031386439663330613437396333626438343862326263323161666263
34313863623863326435346337366139353934393032363139323761666530303837366632363036
65663331313934376263303338383564333535356466623934366232646332366265656633303035
66643537363336303637626432326361383234613933623430323432653539636664373138643931
37303965316337303232373930653861333764653163623561613163633338393534383434616564
62386535643739336538653231333165623464666439346163333935386266366435333739396264
36353531653437653765623039316633616131363865363038646663633430386261363236643136
63616533653861623065393563633162616566653332373035643332393639653535383662343630
36623164643366373362333261633634303633336539653532383735336366303362616130366234
66656666626463363533663566613865366539303436323734336565336364306430303136623964
31383832356533373830653835656664356263376162656630386235633834383631333962363630
61643039343038346162636233626335646231333636376565356335313965613033386566353435
61313030343765383131346165396661646237323362643633666539366538663365353461643834
66663463303434323932303939363333666432393938393863356431346637363239383539396436
38376266303730353566376230353437393935666438313532633365626536666336646430323537
64356361393766343161666431303333313137656436623865356435303633326337373932326132
36383465303865346633656430306566353366633831663965346364626564636362383363376361
62376530326537303461373863666364353962623863656536306638373063383034643231316161
35613465653565366462396139383630333533333861633465636362666235623665306165336138
39363165616534363964393239636532363464313238623530353635353435363239386262333632
37656130303231306563363039623335353263336233643963666161616665316235383364626435
66336138356366383633663366316262373236323633353033343564373464636566646161303562
34363239393431313339366336393161333362353664383339353162653962613536653733643437
61326162316166366134633532656336383063356431643331656433623636666361336138363661
33646466386561636639396133346362393862343765303537316233336439336439373765383736
31666435646237386263616432313337393665336234353130363734313862363462633336333331
66343333303139333039383832303838666566346432643330633062393236616233333730376431
64366435393230666238633633306134633933373935306134663434346436346161303230326466
31323335383136333261613135376461656530366431636533386632326534313162623732663436
63643063383736363136313966656439383538323364316534613061623339373766323234373837
36303365343137326438613636353138663466626233633130323062363461626166353533346662
30303030373333393336623437343639323332626166633031396235393735643765376465643161
63393231326234653234383665303633323536396136376662663466663432303531623634616231
61366137346232633332643634303533663338363033633333616539336432653866336532396661
33393438356331653131396639326364653039323665346636613730393931616230613030386430
65333533326665346136366364363535616363633837666338383761376234346338633535306633
30386338653465383537633762306233306162666434343765393165383431633761633463306431
62336663663933343263393432643030343538626232373965666461336262363130643164386366
63383134343536643530343462646335386466353661323736616139386633626265366631353637
37653237646662393238316365313063323066623563666138323863333432393233333663366533
64313638633036326138336638393561313961356161373532303039663666303135653831396266
39353338386266316530613163303234303766333266663163313464313565383063626136663161
31353363386139643934306339343133643661323164386139363137653664366430663261356631
63326164633739653264396266656564383332306233356364346137353839373535396432653232
61346637306233623737366462653536373639393161636662306163656232303537653163346331
39386434343433343633313339313430333962343631346264356237386433316239343832653336
32376337393961633036313132386561643733643061333038353638663337643138356434373538
33303366303332386234326439313264633761643935656130343135336439643761323831333438
65643035393163313662366362616265616533626166643637663838376638363136313266343834
33653665646562313837656264363132643139333833623766303238616539303861616238383264
34626635303265613166346336343366343130633466613030636336646366343731623564643261
34336537356165613634306238376430633936623338383830323862363261346565303163393238
38636463623431356332636161613837353264623433633862373531373434383439623432646161
6361373939323063343762656664666532323333616130626233
